0.0205228 0.0203456 0.0204346 
0.00194995 0.00184282 0.0020317 
0.0111106 24.4258 0.0111029 
0.000846628 0.103939 0.000829944 
0.013723 0.0135874 0.0136332 
0.00111824 0.000995399 0.00107969 
0.0111381 0.0111801 0.011162 
0.000773213 0.000758999 0.000817923 
0.00913902 0.00910152 0.00912129 
0.000556701 0.000548258 0.000551429 
0.00746067 0.00746588 0.00746681 
0.000425447 0.000413663 0.000395447 
0.00613457 0.00610872 0.00609258 
0.000316626 0.000308044 0.000312988 
0.0050112 0.00499064 0.0050036 
0.000241004 0.000225376 0.000243525 
0.00408885 0.00409511 0.00408046 
0.000175987 0.000165791 0.000173883 
0.00334622 0.00335129 0.00334879 
0.000131124 0.000122238 0.000124913 
0.00274358 0.00273496 0.00274228 
9.67189e-05 9.17703e-05 9.90628e-05 
0.00224007 0.00224966 0.00223759 
6.99569e-05 6.92076e-05 6.96637e-05 
0.00184389 0.00182869 0.00183585 
5.22874e-05 4.77846e-05 5.20028e-05 
0.00150247 0.00150281 0.00150204 
4.06095e-05 3.72762e-05 4.03806e-05 
0.0012292 0.00123233 0.0012288 
2.91904e-05 2.72113e-05 2.91744e-05 
0.00100782 0.00100616 0.00100736 
2.15912e-05 2.02468e-05 2.15072e-05 
