0.0205099 0.020348 0.0204063 
0.00185138 0.00180724 0.00196247 
0.0166863 0.0166695 0.0166774 
0.00141133 0.00133359 0.00144722 
0.0137394 0.0135667 0.0136151 
0.00101377 0.0009636 0.00102597 
0.0111904 0.0111427 0.0111335 
0.000740619 0.000745534 0.000756484 
0.00909916 0.00913734 0.00913524 
0.000587477 0.000542198 0.000604473 
0.00750266 0.00744747 0.00745101 
0.000437015 0.00043862 0.000425597 
0.00612686 0.00609879 0.00610614 
0.000303778 0.000288875 0.0003043 
0.00499132 0.00501454 0.0049973 
0.000234011 0.000217655 0.000232041 
0.00408244 0.00408195 0.00410028 
0.000181338 0.000162626 0.000172937 
0.00334382 0.00335264 0.00335034 
0.000129747 0.000130979 0.000124466 
0.00273276 0.00274388 0.00274363 
9.66179e-05 8.93285e-05 9.39833e-05 
0.00224356 0.00223793 0.00224556 
6.85518e-05 6.75334e-05 6.89783e-05 
0.00183884 0.00183614 0.00183324 
4.88942e-05 4.92483e-05 5.12156e-05 
0.00150282 0.00150103 0.00150343 
3.94304e-05 3.6917e-05 4.0792e-05 
0.00122827 0.00123126 0.00123083 
2.92893e-05 2.81004e-05 2.89436e-05 
0.00100511 0.00100756 0.00100867 
2.14283e-05 2.04223e-05 2.14461e-05 
